   9.8600000e-01
   3.7721000e-01
   2.4391000e-01
   1.7671000e-01
   1.3531000e-01
   1.0811000e-01
   8.9410000e-02
   7.6010000e-02
   6.6010000e-02
   5.8210000e-02
   5.1810000e-02
   4.6510000e-02
   4.2010000e-02
   3.8010000e-02
   3.4510000e-02
   3.1410000e-02
   2.8510000e-02
   2.6010000e-02
   2.3810000e-02
   2.1710000e-02
   1.9910000e-02
   1.8210000e-02
   1.6710000e-02
   1.5410000e-02
   1.4110000e-02
   1.3010000e-02
   1.2010000e-02
   1.1110000e-02
   1.0310000e-02
   9.5100000e-03
   8.8100000e-03
   8.2100000e-03
   7.6100000e-03
   7.1100000e-03
   6.6100000e-03
   6.2100000e-03
   5.8100000e-03
   5.4100000e-03
   5.0100000e-03
   4.7100000e-03
   4.4100000e-03
   4.1100000e-03
   3.9100000e-03
   3.7100000e-03
   3.4100000e-03
   3.2100000e-03
   3.1100000e-03
   2.9100000e-03
   2.7100000e-03
   2.6100000e-03
   2.4100000e-03
   2.3100000e-03
   2.2100000e-03
   2.0100000e-03
   1.9100000e-03
   1.8100000e-03
   1.7100000e-03
   1.6100000e-03
   1.6100000e-03
   1.5100000e-03
   1.4100000e-03
   1.3100000e-03
   1.3100000e-03
   1.2100000e-03
   1.2100000e-03
   1.1100000e-03
   1.0100000e-03
   1.0100000e-03
   1.0100000e-03
   9.1000000e-04
   9.1000000e-04
   8.1000000e-04
   8.1000000e-04
   8.1000000e-04
   7.1000000e-04
   7.1000000e-04
   7.1000000e-04
   6.1000000e-04
   6.1000000e-04
   6.1000000e-04
   6.1000000e-04
   5.1000000e-04
   5.1000000e-04
   5.1000000e-04
   5.1000000e-04
   4.1000000e-04
   4.1000000e-04
   4.1000000e-04
   4.1000000e-04
   4.1000000e-04
   4.1000000e-04
   3.1000000e-04
   3.1000000e-04
   3.1000000e-04
   3.1000000e-04
   3.1000000e-04
   3.1000000e-04
   3.1000000e-04
   3.1000000e-04
   3.1000000e-04
   2.1000000e-04
   2.1000000e-04
   2.1000000e-04
   2.1000000e-04
   2.1000000e-04
   2.1000000e-04
   2.1000000e-04
   2.1000000e-04
   2.1000000e-04
   2.1000000e-04
   2.1000000e-04
   2.1000000e-04
   2.1000000e-04
   2.1000000e-04
   1.1000000e-04
   1.1000000e-04
   1.1000000e-04
   1.1000000e-04
   1.1000000e-04
   1.1000000e-04
   1.1000000e-04
   1.1000000e-04
   1.1000000e-04
   1.1000000e-04
   1.1000000e-04
   1.1000000e-04
   1.1000000e-04
   1.1000000e-04
   1.1000000e-04
   1.1000000e-04
   1.1000000e-04
   1.1000000e-04
   1.1000000e-04
   1.1000000e-04
   1.1000000e-04
   1.1000000e-04
   1.1000000e-04
   1.1000000e-04
   1.1000000e-04
   1.1000000e-04
   1.1000000e-04
   1.1000000e-04
   1.1000000e-04
   1.1000000e-04
   1.1000000e-04
   1.1000000e-04
   1.0000000e-05
   1.0000000e-05
   1.0000000e-05
   1.0000000e-05
   1.0000000e-05
   1.0000000e-05
   1.0000000e-05
   1.0000000e-05
   1.0000000e-05
   1.0000000e-05
   1.0000000e-05
   1.0000000e-05
   1.0000000e-05
   1.0000000e-05
   1.0000000e-05
   1.0000000e-05
   1.0000000e-05
   1.0000000e-05
   1.0000000e-05
   1.0000000e-05
   1.0000000e-05
   1.0000000e-05
   1.0000000e-05
   1.0000000e-05
   1.0000000e-05
   1.0000000e-05
   1.0000000e-05
   1.0000000e-05
   1.0000000e-05
   1.0000000e-05
   1.0000000e-05
   1.0000000e-05
   1.0000000e-05
   1.0000000e-05
   1.0000000e-05
   1.0000000e-05
   1.0000000e-05
   1.0000000e-05
   1.0000000e-05
   1.0000000e-05
   1.0000000e-05
   1.0000000e-05
   1.0000000e-05
   1.0000000e-05
   1.0000000e-05
   1.0000000e-05
   1.0000000e-05
   1.0000000e-05
   1.0000000e-05
   1.0000000e-05
   1.0000000e-05
   1.0000000e-05
   1.0000000e-05
   1.0000000e-05
   1.0000000e-05
   1.0000000e-05
   1.0000000e-05
   1.0000000e-05
   1.0000000e-05
   1.0000000e-05
   1.0000000e-05
   1.0000000e-05
   1.0000000e-05
   1.0000000e-05
   1.0000000e-05
   1.0000000e-05
   1.0000000e-05
   1.0000000e-05
   1.0000000e-05
   1.0000000e-05
   1.0000000e-05
   1.0000000e-05
   1.0000000e-05
   1.0000000e-05
   1.0000000e-05
   1.0000000e-05
   1.0000000e-05
   1.0000000e-05
   1.0000000e-05
   1.0000000e-05
   1.0000000e-05
   1.0000000e-05
   1.0000000e-05
   1.0000000e-05
   1.0000000e-05
   1.0000000e-05
   1.0000000e-05
   1.0000000e-05
   1.0000000e-05
   1.0000000e-05
   1.0000000e-05
   1.0000000e-05
   1.0000000e-05
   1.0000000e-05
   1.0000000e-05
   1.0000000e-05
   1.0000000e-05
   1.0000000e-05
   1.0000000e-05
   1.0000000e-05
   1.0000000e-05
   1.0000000e-05
   1.0000000e-05
   1.0000000e-05
   1.0000000e-05
   1.0000000e-05
   1.0000000e-05
   1.0000000e-05
   1.0000000e-05
   1.0000000e-05
   1.0000000e-05
   1.0000000e-05
   1.0000000e-05
   1.0000000e-05
   1.0000000e-05
   1.0000000e-05
   1.0000000e-05
   1.0000000e-05
   1.0000000e-05
   1.0000000e-05
   1.0000000e-05
   1.0000000e-05
   1.0000000e-05
   1.0000000e-05
   1.0000000e-05
   1.0000000e-05
   1.0000000e-05
   1.0000000e-05
   1.0000000e-05
   1.0000000e-05
   1.0000000e-05
   1.0000000e-05
   1.0000000e-05
   1.0000000e-05
   1.0000000e-05
   1.0000000e-05
   1.0000000e-05
   1.0000000e-05
   1.0000000e-05
   1.0000000e-05
   1.0000000e-05
   1.0000000e-05
   1.0000000e-05
   1.0000000e-05
   1.0000000e-05
   1.0000000e-05
   1.0000000e-05
   1.0000000e-05
   1.0000000e-05
   1.0000000e-05
   1.0000000e-05
   1.0000000e-05
   1.0000000e-05
   1.0000000e-05
   1.0000000e-05
   1.0000000e-05
   1.0000000e-05
   1.0000000e-05
   1.0000000e-05
   1.0000000e-05
   1.0000000e-05
   1.0000000e-05
   1.0000000e-05
   1.0000000e-05
   1.0000000e-05
   1.0000000e-05
   1.0000000e-05
   1.0000000e-05
   1.0000000e-05
   1.0000000e-05
   1.0000000e-05
   1.0000000e-05
   1.0000000e-05
   1.0000000e-05
   1.0000000e-05
   1.0000000e-05
   1.0000000e-05
   1.0000000e-05
   1.0000000e-05
   1.0000000e-05
   1.0000000e-05
   1.0000000e-05
   1.0000000e-05
   1.0000000e-05
   1.0000000e-05
   1.0000000e-05
   1.0000000e-05
   1.0000000e-05
   1.0000000e-05
   1.0000000e-05
   1.0000000e-05
   1.0000000e-05
   1.0000000e-05
   1.0000000e-05
   1.0000000e-05
   1.0000000e-05
   1.0000000e-05
   1.0000000e-05
   1.0000000e-05
   1.0000000e-05
   1.0000000e-05
   1.0000000e-05
   1.0000000e-05
   1.0000000e-05
   1.0000000e-05
   1.0000000e-05
   1.0000000e-05
   1.0000000e-05
   1.0000000e-05
   1.0000000e-05
   1.0000000e-05
   1.0000000e-05
   1.0000000e-05
   1.0000000e-05
   1.0000000e-05
   1.0000000e-05
   1.0000000e-05
   1.0000000e-05
   1.0000000e-05
   1.0000000e-05
   1.0000000e-05
   1.0000000e-05
   1.0000000e-05
   1.0000000e-05
   1.0000000e-05
   1.0000000e-05
   1.0000000e-05
   1.0000000e-05
   1.0000000e-05
   1.0000000e-05
   1.0000000e-05
   1.0000000e-05
   1.0000000e-05
   1.0000000e-05
   1.0000000e-05
   1.0000000e-05
   1.0000000e-05
   1.0000000e-05
   1.0000000e-05
   1.0000000e-05
   1.0000000e-05
   1.0000000e-05
   1.0000000e-05
   1.0000000e-05
   1.0000000e-05
   1.0000000e-05
   1.0000000e-05
   1.0000000e-05
   1.0000000e-05
   1.0000000e-05
   1.0000000e-05
   1.0000000e-05
   1.0000000e-05
   1.0000000e-05
   1.0000000e-05
   1.0000000e-05
   1.0000000e-05
   1.0000000e-05
   1.0000000e-05
   1.0000000e-05
   1.0000000e-05
   1.0000000e-05
   1.0000000e-05
   1.0000000e-05
   1.0000000e-05
   1.0000000e-05
   1.0000000e-05
   1.0000000e-05
   1.0000000e-05
   1.0000000e-05
   1.0000000e-05
   1.0000000e-05
   1.0000000e-05
   1.0000000e-05
   1.0000000e-05
   1.0000000e-05
   1.0000000e-05
   1.0000000e-05
   1.0000000e-05
   1.0000000e-05
   1.0000000e-05
   1.0000000e-05
   1.0000000e-05
   1.0000000e-05
   1.0000000e-05
   1.0000000e-05
   1.0000000e-05
   1.0000000e-05
   1.0000000e-05
   1.0000000e-05
   1.0000000e-05
   1.0000000e-05
   1.0000000e-05
   1.0000000e-05
   1.0000000e-05
   1.0000000e-05
   1.0000000e-05
   1.0000000e-05
   1.0000000e-05
   1.0000000e-05
   1.0000000e-05
   1.0000000e-05
   1.0000000e-05
   1.0000000e-05
   1.0000000e-05
   1.0000000e-05
   1.0000000e-05
   1.0000000e-05
   1.0000000e-05
   1.0000000e-05
   1.0000000e-05
   1.0000000e-05
   1.0000000e-05
   1.0000000e-05
   1.0000000e-05
   1.0000000e-05
   1.0000000e-05
   1.0000000e-05
   1.0000000e-05
   1.0000000e-05
   1.0000000e-05
   1.0000000e-05
   1.0000000e-05
   1.0000000e-05
