   3.3221000e-01
   2.7401000e-01
   2.3011000e-01
   1.9571000e-01
   1.6821000e-01
   1.4571000e-01
   1.2711000e-01
   1.1141000e-01
   9.8210000e-02
   8.6910000e-02
   7.7210000e-02
   6.8810000e-02
   6.1510000e-02
   5.5210000e-02
   4.9610000e-02
   4.4710000e-02
   4.0410000e-02
   3.6610000e-02
   3.3210000e-02
   3.0110000e-02
   2.7410000e-02
   2.5010000e-02
   2.2910000e-02
   2.0910000e-02
   1.9210000e-02
   1.7610000e-02
   1.6210000e-02
   1.4910000e-02
   1.3710000e-02
   1.2710000e-02
   1.1710000e-02
   1.0810000e-02
   1.0010000e-02
   9.3100000e-03
   8.6100000e-03
   8.0100000e-03
   7.5100000e-03
   7.0100000e-03
   6.5100000e-03
   6.0100000e-03
   5.6100000e-03
   5.3100000e-03
   4.9100000e-03
   4.6100000e-03
   4.3100000e-03
   4.1100000e-03
   3.8100000e-03
   3.6100000e-03
   3.4100000e-03
   3.2100000e-03
   3.0100000e-03
   2.8100000e-03
   2.6100000e-03
   2.5100000e-03
   2.4100000e-03
   2.2100000e-03
   2.1100000e-03
   2.0100000e-03
   1.9100000e-03
   1.8100000e-03
   1.7100000e-03
   1.6100000e-03
   1.5100000e-03
   1.4100000e-03
   1.4100000e-03
   1.3100000e-03
   1.2100000e-03
   1.2100000e-03
   1.1100000e-03
   1.1100000e-03
   1.0100000e-03
   1.0100000e-03
   9.1000000e-04
   9.1000000e-04
   8.1000000e-04
   8.1000000e-04
   8.1000000e-04
   7.1000000e-04
   7.1000000e-04
   7.1000000e-04
   6.1000000e-04
   6.1000000e-04
   6.1000000e-04
   5.1000000e-04
   5.1000000e-04
   5.1000000e-04
   5.1000000e-04
   5.1000000e-04
   4.1000000e-04
   4.1000000e-04
   4.1000000e-04
   4.1000000e-04
   4.1000000e-04
   4.1000000e-04
   3.1000000e-04
   3.1000000e-04
   3.1000000e-04
   3.1000000e-04
   3.1000000e-04
   3.1000000e-04
   3.1000000e-04
   3.1000000e-04
   3.1000000e-04
   2.1000000e-04
   2.1000000e-04
   2.1000000e-04
   2.1000000e-04
   2.1000000e-04
   2.1000000e-04
   2.1000000e-04
   2.1000000e-04
   2.1000000e-04
   2.1000000e-04
   2.1000000e-04
   2.1000000e-04
   2.1000000e-04
   1.1000000e-04
   1.1000000e-04
   1.1000000e-04
   1.1000000e-04
   1.1000000e-04
   1.1000000e-04
   1.1000000e-04
   1.1000000e-04
   1.1000000e-04
   1.1000000e-04
   1.1000000e-04
   1.1000000e-04
   1.1000000e-04
   1.1000000e-04
   1.1000000e-04
   1.1000000e-04
   1.1000000e-04
   1.1000000e-04
   1.1000000e-04
   1.1000000e-04
   1.1000000e-04
   1.1000000e-04
   1.1000000e-04
   1.1000000e-04
   1.1000000e-04
   1.1000000e-04
   1.1000000e-04
   1.1000000e-04
   1.1000000e-04
   1.1000000e-04
   1.1000000e-04
   1.1000000e-04
   1.0000000e-05
   1.0000000e-05
   1.0000000e-05
   1.0000000e-05
   1.0000000e-05
   1.0000000e-05
   1.0000000e-05
   1.0000000e-05
   1.0000000e-05
   1.0000000e-05
   1.0000000e-05
   1.0000000e-05
   1.0000000e-05
   1.0000000e-05
   1.0000000e-05
   1.0000000e-05
   1.0000000e-05
   1.0000000e-05
   1.0000000e-05
   1.0000000e-05
   1.0000000e-05
   1.0000000e-05
   1.0000000e-05
   1.0000000e-05
   1.0000000e-05
   1.0000000e-05
   1.0000000e-05
   1.0000000e-05
   1.0000000e-05
   1.0000000e-05
   1.0000000e-05
   1.0000000e-05
   1.0000000e-05
   1.0000000e-05
   1.0000000e-05
   1.0000000e-05
   1.0000000e-05
   1.0000000e-05
   1.0000000e-05
   1.0000000e-05
   1.0000000e-05
   1.0000000e-05
   1.0000000e-05
   1.0000000e-05
   1.0000000e-05
   1.0000000e-05
   1.0000000e-05
   1.0000000e-05
   1.0000000e-05
   1.0000000e-05
   1.0000000e-05
   1.0000000e-05
   1.0000000e-05
   1.0000000e-05
   1.0000000e-05
   1.0000000e-05
   1.0000000e-05
   1.0000000e-05
   1.0000000e-05
   1.0000000e-05
   1.0000000e-05
   1.0000000e-05
   1.0000000e-05
   1.0000000e-05
   1.0000000e-05
   1.0000000e-05
   1.0000000e-05
   1.0000000e-05
   1.0000000e-05
   1.0000000e-05
   1.0000000e-05
   1.0000000e-05
   1.0000000e-05
   1.0000000e-05
   1.0000000e-05
   1.0000000e-05
   1.0000000e-05
   1.0000000e-05
   1.0000000e-05
   1.0000000e-05
   1.0000000e-05
   1.0000000e-05
   1.0000000e-05
   1.0000000e-05
   1.0000000e-05
   1.0000000e-05
   1.0000000e-05
   1.0000000e-05
   1.0000000e-05
   1.0000000e-05
   1.0000000e-05
   1.0000000e-05
   1.0000000e-05
   1.0000000e-05
   1.0000000e-05
   1.0000000e-05
   1.0000000e-05
   1.0000000e-05
   1.0000000e-05
   1.0000000e-05
   1.0000000e-05
   1.0000000e-05
   1.0000000e-05
   1.0000000e-05
   1.0000000e-05
   1.0000000e-05
   1.0000000e-05
   1.0000000e-05
   1.0000000e-05
   1.0000000e-05
   1.0000000e-05
   1.0000000e-05
   1.0000000e-05
   1.0000000e-05
   1.0000000e-05
   1.0000000e-05
   1.0000000e-05
   1.0000000e-05
   1.0000000e-05
   1.0000000e-05
   1.0000000e-05
   1.0000000e-05
   1.0000000e-05
   1.0000000e-05
   1.0000000e-05
   1.0000000e-05
   1.0000000e-05
   1.0000000e-05
   1.0000000e-05
   1.0000000e-05
   1.0000000e-05
   1.0000000e-05
   1.0000000e-05
   1.0000000e-05
   1.0000000e-05
   1.0000000e-05
   1.0000000e-05
   1.0000000e-05
   1.0000000e-05
   1.0000000e-05
   1.0000000e-05
   1.0000000e-05
   1.0000000e-05
   1.0000000e-05
   1.0000000e-05
   1.0000000e-05
   1.0000000e-05
   1.0000000e-05
   1.0000000e-05
   1.0000000e-05
   1.0000000e-05
   1.0000000e-05
   1.0000000e-05
   1.0000000e-05
   1.0000000e-05
   1.0000000e-05
   1.0000000e-05
   1.0000000e-05
   1.0000000e-05
   1.0000000e-05
   1.0000000e-05
   1.0000000e-05
   1.0000000e-05
   1.0000000e-05
   1.0000000e-05
   1.0000000e-05
   1.0000000e-05
   1.0000000e-05
   1.0000000e-05
   1.0000000e-05
   1.0000000e-05
   1.0000000e-05
   1.0000000e-05
   1.0000000e-05
   1.0000000e-05
   1.0000000e-05
   1.0000000e-05
   1.0000000e-05
   1.0000000e-05
   1.0000000e-05
   1.0000000e-05
   1.0000000e-05
   1.0000000e-05
   1.0000000e-05
   1.0000000e-05
   1.0000000e-05
   1.0000000e-05
   1.0000000e-05
   1.0000000e-05
   1.0000000e-05
   1.0000000e-05
   1.0000000e-05
   1.0000000e-05
   1.0000000e-05
   1.0000000e-05
   1.0000000e-05
   1.0000000e-05
   1.0000000e-05
   1.0000000e-05
   1.0000000e-05
   1.0000000e-05
   1.0000000e-05
   1.0000000e-05
   1.0000000e-05
   1.0000000e-05
   1.0000000e-05
   1.0000000e-05
   1.0000000e-05
   1.0000000e-05
   1.0000000e-05
   1.0000000e-05
   1.0000000e-05
   1.0000000e-05
   1.0000000e-05
   1.0000000e-05
   1.0000000e-05
   1.0000000e-05
   1.0000000e-05
   1.0000000e-05
   1.0000000e-05
   1.0000000e-05
   1.0000000e-05
   1.0000000e-05
   1.0000000e-05
   1.0000000e-05
   1.0000000e-05
   1.0000000e-05
   1.0000000e-05
   1.0000000e-05
   1.0000000e-05
   1.0000000e-05
   1.0000000e-05
   1.0000000e-05
   1.0000000e-05
   1.0000000e-05
   1.0000000e-05
   1.0000000e-05
   1.0000000e-05
   1.0000000e-05
   1.0000000e-05
   1.0000000e-05
   1.0000000e-05
   1.0000000e-05
   1.0000000e-05
   1.0000000e-05
   1.0000000e-05
   1.0000000e-05
   1.0000000e-05
   1.0000000e-05
   1.0000000e-05
   1.0000000e-05
   1.0000000e-05
   1.0000000e-05
   1.0000000e-05
   1.0000000e-05
   1.0000000e-05
   1.0000000e-05
   1.0000000e-05
   1.0000000e-05
   1.0000000e-05
   1.0000000e-05
   1.0000000e-05
   1.0000000e-05
   1.0000000e-05
   1.0000000e-05
   1.0000000e-05
   1.0000000e-05
   1.0000000e-05
   1.0000000e-05
   1.0000000e-05
   1.0000000e-05
   1.0000000e-05
   1.0000000e-05
   1.0000000e-05
   1.0000000e-05
   1.0000000e-05
   1.0000000e-05
   1.0000000e-05
   1.0000000e-05
   1.0000000e-05
   1.0000000e-05
   1.0000000e-05
   1.0000000e-05
   1.0000000e-05
   1.0000000e-05
   1.0000000e-05
   1.0000000e-05
   1.0000000e-05
   1.0000000e-05
   1.0000000e-05
   1.0000000e-05
   1.0000000e-05
   1.0000000e-05
   1.0000000e-05
   1.0000000e-05
   1.0000000e-05
   1.0000000e-05
   1.0000000e-05
   1.0000000e-05
   1.0000000e-05
   1.0000000e-05
   1.0000000e-05
   1.0000000e-05
   1.0000000e-05
   1.0000000e-05
   1.0000000e-05
   1.0000000e-05
   1.0000000e-05
   1.0000000e-05
   1.0000000e-05
   1.0000000e-05
   1.0000000e-05
   1.0000000e-05
   1.0000000e-05
   1.0000000e-05
   1.0000000e-05
   1.0000000e-05
   1.0000000e-05
   1.0000000e-05
   1.0000000e-05
   1.0000000e-05
   1.0000000e-05
